200007767
200007768
200007769
200007770
200007771
200007772
200007773
200007765
200007766
212573842
212356048
200062593
200062592
200062591
200062590
200062589
200062585
200062588
200062584
200062587
200062586
200068392
200068393
200068394
200068399
200068395
200068396
200068397
200068398
200068400
200068401
200069361
200069360
200069357
200069358
200069362
200069359
200069363
200069364
200069365
200069366
200069368
200069367
200069369
200069370
200069373
200069371
200069374
200069372
200069378
200069380
200071159
200069379
200069375
200069376
200069377
200084004
200084005
200084006
200084007
200084008
200084009
200084010
200084011
200128906
200128907
200128908
200128909
200129035
200128910
200129034
200128911
200128913
200128912
200128914
200164167
200164168
200164169
200164170
200164171
200164172
200164173
200164174
200173843
200173845
200173844
200173846
200173847
200173849
200173850
200173848
200173851
200173853
200173855
200173854
200173852
200173857
200173856
200173859
200173861
200173860
200173864
200173858
200173866
200173865
200173867
200173868
200173871
200173870
200173862
200173869
200173874
200173875
200173873
200173872
200173876
200182931
200182925
200182926
200182928
200182927
200182929
200182930
200194910
200194911
200194912
200194913
200194914
200194915
200194916
200194917
200194918
200194919
200194920
200194921
200194958
200200356
200200357
200200358
200200360
200200359
200200728
200200361
200200363
200213053
200213054
200213055
200213056
200213057
200213058
200233186
200233643
200233188
200233189
200233190
200233192
200233193
200233196
200233644
200233195
200233194